%YAML:1.0
---
image_width: "1280"
image_height: "720"
camera_name: camera/right
camera_matrix: !!opencv-matrix
   rows: 3
   cols: 3
   dt: d
   data: [ 1.0584800000000000e+03, 0., 5.9750999999999999e+02, 0.,
       1.0575999999999999e+03, 4.5079700000000003e+02, 0., 0., 1. ]
distortion_model: plumb_bob
distortion_coefficients: !!opencv-matrix
   rows: 1
   cols: 5
   dt: d
   data: [ -3.9317699999999997e-02, 5.4765800000000000e-03,
       -2.8707199999999998e-04, -3.2517800000000002e-04,
       -2.9747300000000001e-03 ]
rectification_matrix: !!opencv-matrix
   rows: 3
   cols: 3
   dt: d
   data: [ 9.9998541717557465e-01, -1.9571968240524504e-03,
       5.0333703205489950e-03, 1.9566145819841256e-03,
       9.9999807855590417e-01, 1.2059799941158088e-04,
       -5.0335966832307458e-03, -1.1074787498639898e-04,
       9.9998732523934442e-01 ]
projection_matrix: !!opencv-matrix
   rows: 3
   cols: 4
   dt: d
   data: [ 1.2663337003528939e+03, 0., 6.3391535186767578e+02,
       -1.6073832924924875e+05, 0., 1.2663337003528939e+03,
       3.9692862319946289e+02, 0., 0., 0., 1., 0. ]
