[LEFT_CAM_2K]
fx=1055.07
fy=1054.55
cx=1139.78
cy=604.067
k1=-0.0411023
k2=0.00874902
k3=-0.00427672
p1=-9.93657e-05
p2=0.000233861

[RIGHT_CAM_2K]
fx=1058.48
fy=1057.6
cx=1061.51
cy=711.797
k1=-0.0393177
k2=0.00547658
k3=-0.00297473
p1=-0.000287072
p2=-0.000325178

[LEFT_CAM_FHD]
fx=1055.07
fy=1054.55
cx=995.78
cy=523.067
k1=-0.0411023
k2=0.00874902
k3=-0.00427672
p1=-9.93657e-05
p2=0.000233861

[RIGHT_CAM_FHD]
fx=1058.48
fy=1057.6
cx=917.51
cy=630.797
k1=-0.0393177
k2=0.00547658
k3=-0.00297473
p1=-0.000287072
p2=-0.000325178

[LEFT_CAM_HD]
fx=527.535
fy=527.275
cx=656.39
cy=350.0335
k1=-0.0411023
k2=0.00874902
k3=-0.00427672
p1=-9.93657e-05
p2=0.000233861

[RIGHT_CAM_HD]
fx=529.24
fy=528.8
cx=617.255
cy=403.8985
k1=-0.0393177
k2=0.00547658
k3=-0.00297473
p1=-0.000287072
p2=-0.000325178

[LEFT_CAM_VGA]
fx=263.7675
fy=263.6375
cx=343.695
cy=182.51675
k1=-0.0411023
k2=0.00874902
k3=-0.00427672
p1=-9.93657e-05
p2=0.000233861

[RIGHT_CAM_VGA]
fx=264.62
fy=264.4
cx=324.1275
cy=209.44925
k1=-0.0393177
k2=0.00547658
k3=-0.00297473
p1=-0.000287072
p2=-0.000325178

[STEREO]
Baseline=120.305
TY=0.248431
TZ=-0.638896
CV_2K=-0.00648245
CV_FHD=-0.00648245
CV_HD=-0.00648245
CV_VGA=-0.00648245
RX_2K=0.000227781
RX_FHD=0.000227781
RX_HD=0.000227781
RX_VGA=0.000227781
RZ_2K=-0.00110319
RZ_FHD=-0.00110319
RZ_HD=-0.00110319
RZ_VGA=-0.00110319

