%YAML:1.0
---
image_width: 1280
image_height: 720
camera_name: camera
camera_matrix: !!opencv-matrix
   rows: 3
   cols: 3
   dt: d
   data: [ 9.3797299601201667e+02, 0., 6.4110167315102080e+02, 0.,
       9.3981016471195335e+02, 3.8512990806142415e+02, 0., 0., 1. ]
distortion_model: plumb_bob
distortion_coefficients: !!opencv-matrix
   rows: 1
   cols: 5
   dt: d
   data: [ 7.3934261699576093e-02, -4.1542678753901879e-01,
       1.4128959036683215e-03, 9.4384360282255390e-04,
       5.9913436641201279e-01 ]
rectification_matrix: !!opencv-matrix
   rows: 3
   cols: 3
   dt: d
   data: [ 1., 0., 0., 0., 1., 0., 0., 0., 1. ]
projection_matrix: !!opencv-matrix
   rows: 3
   cols: 4
   dt: d
   data: [ 9.3797299601201667e+02, 0., 6.4110167315102080e+02, 0., 0.,
       9.3981016471195335e+02, 3.8512990806142415e+02, 0., 0., 0., 1.,
       0. ]
