%YAML:1.0
---
model_type: PINHOLE
camera_name: camera
image_width: 640
image_height: 360
distortion_parameters:
   k1: 0.0
   k2: 0.0
   p1: 0.0
   p2: 0.0
projection_parameters:
   fx: 486.19561767578125
   fy: 486.19561767578125
   cx: 322.42987060546875
   cy: 182.5113525390625
