%YAML:1.0
---
image_width: "1280"
image_height: "720"
camera_name: camera/right
camera_matrix: !!opencv-matrix
   rows: 3
   cols: 3
   dt: d
   data: [ 5.2924000000000001e+02, 0., 6.1725500000000000e+02, 0.,
       5.2879999999999995e+02, 4.0389850000000001e+02, 0., 0., 1. ]
distortion_model: plumb_bob
distortion_coefficients: !!opencv-matrix
   rows: 1
   cols: 5
   dt: d
   data: [ -3.9317699999999997e-02, 5.4765800000000000e-03,
       -2.8707199999999998e-04, -3.2517800000000002e-04,
       -2.9747300000000001e-03 ]
rectification_matrix: !!opencv-matrix
   rows: 3
   cols: 3
   dt: d
   data: [ 9.9994167252985844e-01, -3.9142224118686366e-03,
       1.0066300268701268e-02, 3.9130400287925192e-03,
       9.9999233462410309e-01, 1.3715235772536539e-04,
       -1.0066759951558266e-02, -9.7754522082024205e-05,
       9.9994932411004256e-01 ]
projection_matrix: !!opencv-matrix
   rows: 3
   cols: 4
   dt: d
   data: [ 5.6292203694718694e+02, 0., 6.2652420043945312e+02,
       -3.5727986262776161e+04, 0., 5.6292203694718694e+02,
       3.7910808563232422e+02, 0., 0., 0., 1., 0. ]
