%YAML:1.0
---
image_width: "1280"
image_height: "720"
camera_name: camera/left
camera_matrix: !!opencv-matrix
   rows: 3
   cols: 3
   dt: d
   data: [ 5.2753499999999997e+02, 0., 6.5638999999999999e+02, 0.,
       5.2727499999999998e+02, 3.5003350000000000e+02, 0., 0., 1. ]
distortion_model: plumb_bob
distortion_coefficients: !!opencv-matrix
   rows: 1
   cols: 5
   dt: d
   data: [ -4.1102300000000001e-02, 8.7490199999999997e-03,
       -9.9365700000000003e-05, 2.3386100000000000e-04,
       -4.2767200000000003e-03 ]
rectification_matrix: !!opencv-matrix
   rows: 3
   cols: 3
   dt: d
   data: [ 9.9998962781806278e-01, -2.8095115885277957e-03,
       3.5848153266121040e-03, 2.8099326252712465e-03,
       9.9999604581250001e-01, -1.1241888630836819e-04,
       -3.5844853094162978e-03, 1.2249080982106413e-04,
       9.9999356820984997e-01 ]
projection_matrix: !!opencv-matrix
   rows: 3
   cols: 4
   dt: d
   data: [ 5.6292203694718694e+02, 0., 6.2652420043945312e+02, 0., 0.,
       5.6292203694718694e+02, 3.7910808563232422e+02, 0., 0., 0., 1.,
       0. ]
