%YAML:1.0
---
image_width: "1280"
image_height: "720"
camera_name: camera/left
camera_matrix: !!opencv-matrix
   rows: 3
   cols: 3
   dt: d
   data: [ 1.0550699999999999e+03, 0., 6.7577999999999997e+02, 0.,
       1.0545500000000000e+03, 3.4306700000000001e+02, 0., 0., 1. ]
distortion_model: plumb_bob
distortion_coefficients: !!opencv-matrix
   rows: 1
   cols: 5
   dt: d
   data: [ -4.1102300000000001e-02, 8.7490199999999997e-03,
       -9.9365700000000003e-05, 2.3386100000000000e-04,
       -4.2767200000000003e-03 ]
rectification_matrix: !!opencv-matrix
   rows: 3
   cols: 3
   dt: d
   data: [ 9.9999858626872085e-01, -8.5360341000500790e-04,
       -1.4487310923408047e-03, 8.5343582464341621e-04,
       9.9999962906170980e-01, -1.1629159973782838e-04,
       1.4488298218570607e-03, 1.1505503631829604e-04,
       9.9999894382668508e-01 ]
projection_matrix: !!opencv-matrix
   rows: 3
   cols: 4
   dt: d
   data: [ 1.2663337003528939e+03, 0., 6.3391535186767578e+02, 0., 0.,
       1.2663337003528939e+03, 3.9692862319946289e+02, 0., 0., 0., 1.,
       0. ]
